5.597999691963195801e-02 -1.842749118804931641e+00 2.675522491335868835e-02 -1.424016714096069336e+00 5.460938215255737305e-01 -6.060288548469543457e-01 -4.895757734775543213e-01 2.596977710723876953e+00 2.122035980224609375e+00 -4.279971122741699219e-01 -1.737525224685668945e+00 1.552020758390426636e-01
-1.172706723213195801e+00 -1.765863537788391113e+00 3.185377223417162895e-03 -1.278747677803039551e+00 -3.026420176029205322e-01 1.020233705639839172e-01 7.776678204536437988e-01 -1.558629989624023438e+00 1.980444490909576416e-01 1.153609037399291992e+00 -1.345739841461181641e+00 3.735221922397613525e-02
-1.343715667724609375e+00 3.582877516746520996e-01 -1.818147420883178711e+00 1.304153561592102051e+00 -5.649044513702392578e-01 8.784582018852233887e-01 7.476419210433959961e-01 2.735451757907867432e-01 3.015769720077514648e-01 -2.687137424945831299e-01 2.219724096357822418e-02 -1.111331820487976074e+00
7.782714962959289551e-01 -7.555091381072998047e-02 2.135687172412872314e-01 3.532974123954772949e-01 4.142222702503204346e-01 -2.291438579559326172e+00 -1.161254525184631348e+00 -1.164152622222900391e+00 2.283254146575927734e+00 2.644307678565382957e-04 -2.984897932037711143e-03 -3.589250743389129639e-01
-2.871172428131103516e-01 -1.091388821601867676e+00 -8.039274215698242188e-01 -1.619986534118652344e+00 -8.617272973060607910e-01 -5.063342675566673279e-02 1.011129260063171387e+00 3.855642974376678467e-01 5.498890280723571777e-01 9.639549255371093750e-01 6.412152051925659180e-01 1.343579411506652832e+00
3.937059640884399414e-01 -1.214756250381469727e+00 -2.311353921890258789e+00 2.592130005359649658e-01 2.269136667251586914e+00 9.237573482096195221e-03 -1.531938165426254272e-01 -8.376532793045043945e-02 8.803240656852722168e-01 3.174454271793365479e-01 4.616909194737672806e-03 4.214506447315216064e-01
7.938147187232971191e-01 8.010460138320922852e-01 -4.795012772083282471e-01 1.393518000841140747e-01 -3.130013123154640198e-02 -4.067510068416595459e-01 5.828225016593933105e-01 -1.399547815322875977e+00 5.218728780746459961e-01 9.501207470893859863e-01 1.416159987449645996e+00 -1.282373666763305664e+00
-6.904230713844299316e-01 7.483390569686889648e-01 1.151918053627014160e+00 1.608930945396423340e+00 -1.246006265282630920e-01 2.479439973831176758e+00 -2.041643857955932617e-01 3.043471276760101318e-01 -6.330826878547668457e-01 1.943143367767333984e+00 -1.048309922218322754e+00 -1.605359077453613281e+00
6.473727822303771973e-01 1.318762451410293579e-01 5.169912576675415039e-01 -4.817707836627960205e-01 2.786710299551486969e-02 7.234422564506530762e-01 -1.957113385200500488e+00 1.350978493690490723e+00 1.781447082757949829e-01 -7.985976934432983398e-01 -6.095186471939086914e-01 -7.471078075468540192e-03
5.014330744743347168e-01 1.939723342657089233e-01 -1.402178080752491951e-03 1.350933551788330078e+00 -8.166612386703491211e-01 1.326067566871643066e+00 1.740503191947937012e+00 -2.172113209962844849e-01 -6.613308787345886230e-01 -1.172454237937927246e+00 5.935992002487182617e-01 1.348538637161254883e+00
-1.224894762039184570e+00 9.338557720184326172e-02 -5.018561482429504395e-01 -9.165988303720951080e-03 -2.454930543899536133e+00 1.263160347938537598e+00 6.495960950851440430e-01 -6.686180830001831055e-01 -2.669445530045777559e-04 1.036169752478599548e-01 1.400680065155029297e+00 1.713838934898376465e+00
7.503741383552551270e-01 -1.613705635070800781e+00 2.810219824314117432e-01 1.680755615234375000e-01 1.075482726097106934e+00 -1.043405652046203613e+00 -8.302207589149475098e-01 1.908104717731475830e-01 7.030749320983886719e-02 -4.152607023715972900e-01 -1.165916398167610168e-02 4.433918744325637817e-03
2.070729061961174011e-02 6.840200424194335938e-01 2.585456073284149170e-01 1.659020781517028809e+00 -1.020674347877502441e+00 2.118593826889991760e-02 3.241542279720306396e-01 -1.068383812904357910e+00 2.127545177936553955e-01 2.235504537820816040e-01 4.537648260593414307e-01 1.203578198328614235e-03
1.654774308204650879e+00 3.754701316356658936e-01 -1.649522483348846436e-01 -1.093026101589202881e-01 2.193177640438079834e-01 -3.053718805313110352e-01 -2.573278427124023438e+00 -1.565921068191528320e+00 2.083064466714859009e-01 7.747749090194702148e-01 -9.787598252296447754e-01 -6.507406830787658691e-01
-5.995708107948303223e-01 -3.833628445863723755e-02 -1.515299081802368164e+00 -4.977453351020812988e-01 -2.210389137268066406e+00 -5.432809591293334961e-01 9.185187220573425293e-01 1.485815197229385376e-01 -3.559762537479400635e-01 5.784785747528076172e-01 -3.296836912631988525e-01 -5.897662639617919922e-01
-2.595904469490051270e-01 -1.592912435531616211e+00 1.273077249526977539e+00 -4.885495007038116455e-01 -4.128310363739728928e-03 5.897411704063415527e-01 -6.256775557994842529e-02 -1.934808641672134399e-01 7.765994668006896973e-01 3.203682354069314897e-05 -7.736806273460388184e-01 3.572103381156921387e-01
2.562115900218486786e-02 2.607172587886452675e-03 7.642160654067993164e-01 1.166933849453926086e-01 1.411841034889221191e+00 -9.162206053733825684e-01 -2.549695968627929688e+00 7.134055495262145996e-01 -6.000587940216064453e-01 8.015716820955276489e-02 3.935868740081787109e-01 5.444446206092834473e-01
5.185607075691223145e-01 -5.800546333193778992e-02 8.899188041687011719e-02 1.106590509414672852e+00 2.497548311948776245e-01 3.429014384746551514e-01 3.189294636249542236e-01 -2.242016978561878204e-02 8.855583518743515015e-02 1.160867929458618164e+00 -9.464569091796875000e-01 -5.603126287460327148e-01
1.362752676010131836e+00 3.949927389621734619e-01 -8.022046685218811035e-01 -3.368401825428009033e-01 2.469670027494430542e-01 5.078217387199401855e-01 1.510271281003952026e-01 -2.370696328580379486e-02 1.478245947510004044e-03 -3.778730332851409912e-01 1.101269051432609558e-01 -1.752037763595581055e+00
-8.030987977981567383e-01 -1.402711391448974609e+00 1.741122454404830933e-01 -1.455585002899169922e+00 5.554696321487426758e-01 7.440099958330392838e-03 -6.879379153251647949e-01 3.833110332489013672e-01 -4.318518191576004028e-02 1.150800704956054688e+00 3.366967439651489258e-01 1.888126850128173828e+00
3.527388274669647217e-01 -8.628565669059753418e-01 -1.236023426055908203e+00 2.321439683437347412e-01 -2.150055170059204102e+00 -4.521408975124359131e-01 -5.171658992767333984e-01 1.585151195526123047e+00 6.503473520278930664e-01 -2.349494099617004395e-01 -3.325635194778442383e-01 6.582745313644409180e-01
5.435995459556579590e-01 -3.649356961250305176e-01 1.651242613792419434e+00 1.090768337249755859e+00 1.500291837146505713e-04 1.158125042915344238e+00 2.704723970964550972e-03 9.294794201850891113e-01 -7.323177903890609741e-02 1.273900503292679787e-03 -1.863195776939392090e+00 1.276568055152893066e+00
5.854868888854980469e-01 -1.384724259376525879e+00 -2.125775963068008423e-01 -1.060561180114746094e+00 -3.363223969936370850e-01 -4.793019890785217285e-01 -5.027394890785217285e-01 1.639860421419143677e-01 8.824809193611145020e-01 -4.940594136714935303e-01 2.174125611782073975e-01 1.092242836952209473e+00
9.391379952430725098e-01 -1.401772022247314453e+00 4.620542228221893311e-01 -1.414299905300140381e-01 -8.875476717948913574e-01 1.829127669334411621e+00 -8.089305162429809570e-01 1.889867186546325684e-01 -2.354706078767776489e-01 -8.129360675811767578e-01 4.858756959438323975e-01 -6.579927634447813034e-03
2.443360686302185059e-01 -1.482996344566345215e-01 4.525510370731353760e-01 -6.102422475814819336e-01 3.220900893211364746e-01 1.401939749717712402e+00 -1.110550403594970703e+00 5.254585146903991699e-01 -4.104041457176208496e-01 -3.617074191570281982e-01 2.118044495582580566e-01 5.341657088138163090e-04
-1.800818443298339844e+00 -1.377271413803100586e+00 1.270393013954162598e+00 6.454639434814453125e-01 7.855490446090698242e-01 1.535099744796752930e+00 6.980449892580509186e-03 -4.036517441272735596e-01 -7.525463588535785675e-03 -1.231235980987548828e+00 7.747610807418823242e-01 -1.559270918369293213e-01
