-2.435296773910522461e-01 1.228313684463500977e+00 1.149986624717712402e+00 1.274176239967346191e+00 8.344406485557556152e-01 -6.024098992347717285e-01 -8.092035539448261261e-03 2.113056898117065430e+00 -9.505658149719238281e-01 1.249720811843872070e+00
-8.603416383266448975e-02 5.330122709274291992e-01 -1.321045160293579102e+00 -1.560198813676834106e-01 -2.008595764636993408e-01 -9.630954265594482422e-01 5.686622485518455505e-02 -1.241465330123901367e+00 -6.728341337293386459e-03 -8.787750601768493652e-01
4.155401587486267090e-01 -3.692077994346618652e-01 -5.924590229988098145e-01 4.963674768805503845e-02 1.111284852027893066e+00 -1.836372733116149902e+00 -7.750445008277893066e-01 5.104618030600249767e-04 -4.490336775779724121e-01 -2.846558690071105957e-01
-6.793835163116455078e-01 -1.447316050529479980e+00 8.180283755064010620e-02 1.894279615953564644e-03 -3.566546440124511719e-01 -1.065025329589843750e+00 5.932970643043518066e-01 8.655214309692382812e-01 -1.603668928146362305e+00 -2.840951979160308838e-01
-7.605999242514371872e-03 1.088612601161003113e-01 -5.600005984306335449e-01 1.524216294288635254e+00 8.161228150129318237e-02 -4.721112549304962158e-01 -4.005696475505828857e-01 3.084739111363887787e-02 -4.186567962169647217e-01 -1.215508282184600830e-01
-1.859036564826965332e+00 6.790592074394226074e-01 -1.107691004872322083e-01 -5.054810047149658203e-01 1.161041378974914551e+00 8.731281161308288574e-01 3.778275847434997559e-01 -2.039874345064163208e-01 -9.194092750549316406e-01 3.493878245353698730e-01
-1.573595553636550903e-01 1.452295422554016113e+00 -1.391199350357055664e+00 -3.664691746234893799e-02 -7.154302671551704407e-03 3.716096878051757812e-01 -8.083541989326477051e-01 1.120957851409912109e+00 6.398587953299283981e-03 1.245696544647216797e-01
-7.321606874465942383e-01 -1.655614823102951050e-01 1.581640481948852539e+00 1.304523706436157227e+00 1.946509718894958496e+00 -1.102729916572570801e+00 6.471094489097595215e-01 -1.254838824272155762e+00 8.262205123901367188e-02 -4.283275920897722244e-03
-5.523011460900306702e-02 4.550759680569171906e-03 9.370317459106445312e-01 3.105694353580474854e-01 -4.335266724228858948e-02 7.088716030120849609e-01 -5.830621123313903809e-01 -5.556259751319885254e-01 -1.349832534790039062e+00 -9.863840341567993164e-01
9.239249229431152344e-01 4.273642301559448242e-01 -1.383229017257690430e+00 -1.708826571702957153e-01 5.676707029342651367e-01 9.964920282363891602e-01 4.931271076202392578e-01 -1.306002736091613770e+00 1.511754989624023438e+00 -2.006729364395141602e+00
1.797680974006652832e+00 -2.523872852325439453e-01 5.323898196220397949e-01 9.215645194053649902e-01 -3.587716817855834961e-02 -1.213868141174316406e+00 -1.011605143547058105e+00 1.136543154716491699e+00 6.270816326141357422e-01 -3.924273550510406494e-01
-1.843388795852661133e+00 -4.316593706607818604e-01 1.153896093368530273e+00 9.156617335975170135e-03 -2.036391496658325195e+00 5.005353689193725586e-01 -4.635628461837768555e-01 -1.973461210727691650e-01 -1.038868904113769531e+00 -1.249330282211303711e+00
-4.781233370304107666e-01 -1.678350687026977539e+00 -1.660074442625045776e-01 6.240532398223876953e-01 -3.789076805114746094e-01 -1.822810769081115723e-01 1.554025173187255859e+00 2.252683162689208984e+00 6.715363822877407074e-03 -7.406290173530578613e-01
-4.811024069786071777e-01 -9.533994793891906738e-01 -7.556988000869750977e-01 -5.948113203048706055e-01 -1.051749825477600098e+00 3.356789350509643555e-01 -1.588740348815917969e+00 -1.875636912882328033e-02 -2.912540435791015625e-01 -1.455492377281188965e+00
1.050677523016929626e-01 5.999119281768798828e-01 1.699344038963317871e+00 2.875921726226806641e-01 -1.207545518875122070e+00 4.703230261802673340e-01 3.398818373680114746e-01 -6.137067079544067383e-01 -6.617573499679565430e-01 2.306593894958496094e+00
8.093005418777465820e-01 -1.450792551040649414e-01 -1.063804268836975098e+00 6.398656871169805527e-03 5.551142096519470215e-01 9.033626914024353027e-01 6.899518370628356934e-01 -6.803985238075256348e-01 -3.443264663219451904e-01 -1.030602216720581055e+00
1.160044968128204346e-01 -8.613314628601074219e-01 -9.007936120033264160e-01 -5.182194709777832031e-01 -4.862998723983764648e-01 -9.805633872747421265e-02 -3.497727811336517334e-01 1.417892813682556152e+00 -5.277423858642578125e-01 1.868465662002563477e+00
-1.121228188276290894e-01 -1.783969998359680176e-01 -7.007112354040145874e-02 -5.956453084945678711e-01 1.041700169444084167e-01 4.171624183654785156e-01 2.001196146011352539e-01 -1.478478685021400452e-02 8.216624259948730469e-01 1.070173740386962891e+00
5.687679052352905273e-01 7.240733504295349121e-01 3.049090504646301270e-01 -5.506007075309753418e-01 1.535160373896360397e-02 -1.825066566467285156e+00 -2.143995661754161119e-04 1.116484403610229492e+00 -1.577683568000793457e+00 1.307862550020217896e-01
-7.576458454132080078e-01 -8.254326581954956055e-01 -9.946389794349670410e-01 2.188434600830078125e+00 -3.120284080505371094e-01 -1.406964898109436035e+00 -8.890878558158874512e-01 2.847032546997070312e+00 -7.100033760070800781e-01 3.398368656635284424e-01
-7.411385420709848404e-03 -6.194176152348518372e-02 -3.916324973106384277e-01 -6.774953603744506836e-01 -1.467837810516357422e+00 2.718938887119293213e-01 6.114077568054199219e-01 6.174641748657450080e-05 -2.818782031536102295e-01 -2.474065870046615601e-01
-2.307965010404586792e-01 -7.095485329627990723e-01 -3.023725748062133789e-01 -6.794816851615905762e-01 -8.945943713188171387e-01 -5.016282666474580765e-03 -1.338056564331054688e+00 5.522057414054870605e-01 -1.590831756591796875e+00 -5.763604864478111267e-02
-2.858478724956512451e-01 4.490625858306884766e-01 -9.028923511505126953e-01 6.446205377578735352e-01 8.907318711280822754e-01 3.782550692558288574e-01 -7.666158080101013184e-01 1.316839456558227539e+00 -9.544207453727722168e-01 -1.074541687965393066e+00
3.226999938488006592e-01 -7.428930997848510742e-01 1.074573278427124023e+00 -2.286375612020492554e-01 1.338233232498168945e+00 -8.999494910240173340e-01 7.329217791557312012e-01 -4.627157468348741531e-03 3.275132179260253906e-01 2.078525125980377197e-01
6.699098348617553711e-01 -1.460138112306594849e-01 -2.995077073574066162e-01 -7.199238985776901245e-02 1.164499521255493164e+00 -1.480514258146286011e-01 -1.127438545227050781e+00 -3.106804132461547852e+00 6.588226556777954102e-01 5.802127718925476074e-01
2.536706030368804932e-01 -2.417114824056625366e-01 -8.979647755622863770e-01 -6.373427510261535645e-01 2.157422155141830444e-01 1.046266913414001465e+00 -7.094615697860717773e-01 2.360599756240844727e+00 -7.893352955579757690e-02 -1.805714130401611328e+00
