-1.509979600086808205e-03 -8.848294019699096680e-01 -1.962122797966003418e+00 2.354035615921020508e+00
7.806326150894165039e-01 3.598838746547698975e-01 2.214495182037353516e+00 8.856404423713684082e-01
-1.864399313926696777e+00 -7.677005976438522339e-02 -2.040475130081176758e+00 -1.500303030014038086e+00
-6.112682223320007324e-01 -1.130963563919067383e+00 1.128914237022399902e+00 -1.184406638145446777e+00
1.852774769067764282e-01 1.166190486401319504e-02 1.042807221412658691e+00 -1.012811422348022461e+00
-9.117190241813659668e-01 -1.176945328712463379e+00 -1.791558861732482910e+00 4.346114099025726318e-01
-4.383823275566101074e-01 3.920345008373260498e-01 7.348234653472900391e-01 -8.520911931991577148e-01
1.456176042556762695e+00 -1.150220751762390137e+00 5.136656388640403748e-02 -1.286759257316589355e+00
4.535915851593017578e-01 3.648105561733245850e-01 -6.054016994312405586e-04 1.993349520489573479e-03
-5.309994220733642578e-01 2.148008346557617188e+00 -3.470252454280853271e-01 -4.687204658985137939e-01
-7.057441771030426025e-02 -1.006103992462158203e+00 6.500105261802673340e-01 3.966373205184936523e-01
-1.294011712074279785e+00 7.947942018508911133e-01 -7.997665405273437500e-01 -4.146216809749603271e-01
-9.166350960731506348e-01 -4.296153783798217773e-01 -7.163547277450561523e-01 -9.331541657447814941e-01
8.265538215637207031e-01 -5.776808261871337891e-01 1.905947029590606689e-01 4.865271151065826416e-01
-1.220484673976898193e-01 -3.544097244739532471e-01 8.779226243495941162e-02 -4.591240584850311279e-01
-1.584238409996032715e+00 7.085555791854858398e-01 2.282834649085998535e-01 -2.577685117721557617e-01
-2.072421610355377197e-01 7.198146544396877289e-03 -1.087596178054809570e+00 1.133254528045654297e+00
8.106406778097152710e-02 -7.452120184898376465e-01 1.178486347198486328e+00 5.823634564876556396e-02
-1.123550772666931152e+00 2.988291382789611816e-01 4.200964570045471191e-01 -1.339172828011214733e-03
2.644538581371307373e-01 -8.747928142547607422e-01 8.631047010421752930e-01 1.141956001520156860e-01
-1.637224435806274414e+00 1.310067296028137207e+00 -1.758681028150022030e-03 1.589485108852386475e-01
-2.254292815923690796e-01 9.915165305137634277e-01 -2.916654586791992188e+00 -1.307736784219741821e-01
-3.984664753079414368e-02 8.778830617666244507e-02 -1.135727882385253906e+00 -1.842613369226455688e-01
6.983906030654907227e-01 -1.335624337196350098e+00 -2.679820656776428223e-01 3.447315096855163574e-01
-1.270978569984436035e+00 2.639986574649810791e-01 -3.325774073600769043e-01 -1.749802350997924805e+00
9.428749680519104004e-01 -8.172340691089630127e-02 -6.513052619993686676e-03 -1.700833678245544434e+00
