1.115498423576354980e+00 -5.763670206069946289e-01 7.691662292927503586e-03 -4.402901828289031982e-01 -9.466620683670043945e-01 1.079121232032775879e+00 1.627500355243682861e-01 -3.805882930755615234e-01
-5.599785447120666504e-01 6.205697655677795410e-01 -2.687005698680877686e-01 -1.115881681442260742e+00 -2.248062789440155029e-01 -2.448776504024863243e-04 -1.203443408012390137e+00 -8.600406348705291748e-02
1.053643301129341125e-01 5.751283839344978333e-02 1.299524400383234024e-02 -1.862613707780838013e-01 -3.872328698635101318e-01 1.774944901466369629e+00 -1.126040935516357422e+00 -4.486599564552307129e-01
3.084801210206933320e-05 -9.084633588790893555e-01 2.594420313835144043e-01 -5.894268751144409180e-01 -1.419481821358203888e-03 -1.653627157211303711e-01 -2.035346508026123047e+00 1.323046207427978516e+00
-1.257876276969909668e+00 1.469279378652572632e-01 1.201650023460388184e+00 -1.140493825078010559e-01 1.405578851699829102e-01 -8.937227129936218262e-01 -1.430865764617919922e+00 -6.514785885810852051e-01
-1.429170966148376465e+00 8.139381408691406250e-01 -9.851922392845153809e-01 -3.193987607955932617e-01 -1.579097807407379150e-01 -2.288442552089691162e-01 -3.267289325594902039e-02 1.218068242073059082e+00
-8.531299233436584473e-01 -7.162016630172729492e-02 -8.765149116516113281e-02 1.248552799224853516e+00 -1.512582063674926758e+00 -6.251490712165832520e-01 -2.488110542297363281e+00 1.344351291656494141e+00
-5.535834431648254395e-01 1.349345684051513672e+00 -2.094541549682617188e+00 -1.306209087371826172e+00 -2.587195932865142822e-01 9.570267200469970703e-01 -5.512942075729370117e-01 -5.180256962776184082e-01
6.810205578804016113e-01 2.775788545608520508e+00 1.519101977348327637e+00 1.025099039077758789e+00 -9.651288390159606934e-01 -1.525196433067321777e+00 -4.287180900573730469e-01 -1.055103182792663574e+00
1.697151660919189453e-01 1.182945013046264648e+00 4.369043707847595215e-01 -5.971488952636718750e-01 -1.115812897682189941e+00 -5.465579032897949219e-01 -2.602155804634094238e-01 1.543085455894470215e+00
6.487811207771301270e-01 -1.283920168876647949e+00 -4.554974287748336792e-02 -7.960987091064453125e-02 -1.530208945274353027e+00 -4.781440496444702148e-01 -1.109261155128479004e+00 -4.290323257446289062e-01
-1.263553202152252197e-01 -1.979697197675704956e-01 -8.057444095611572266e-01 8.206146955490112305e-02 -1.204733967781066895e+00 4.168205894529819489e-03 1.724047780036926270e+00 -7.068847417831420898e-01
-1.604730606079101562e+00 4.050291180610656738e-01 6.927345879375934601e-03 -8.637226186692714691e-03 -1.278715968132019043e+00 1.206775546073913574e+00 2.827316045761108398e+00 7.255092859268188477e-01
-7.843160629272460938e-01 1.075394988059997559e+00 1.046634197235107422e+00 -6.232654452323913574e-01 -9.169951081275939941e-01 6.844150424003601074e-01 -3.963095843791961670e-01 -5.235321521759033203e-01
-1.768064737319946289e+00 1.096059530973434448e-01 -1.411723136901855469e+00 1.482045054435729980e+00 2.752653956413269043e-01 7.112850546836853027e-01 -7.664245204068720341e-04 4.931092858314514160e-01
-5.681595299392938614e-03 1.055426313541829586e-03 -1.115759134292602539e+00 1.794314198195934296e-02 -4.338976461440324783e-03 2.929786145687103271e-01 1.661064147949218750e+00 1.098412275314331055e+00
1.022729799151420593e-01 6.106878519058227539e-01 1.054057717323303223e+00 3.894493877887725830e-01 6.520331501960754395e-01 -1.385972619056701660e+00 -4.291608929634094238e-01 1.950685739517211914e+00
1.547558069229125977e+00 6.084854006767272949e-01 -1.376283615827560425e-01 -8.758358359336853027e-01 -1.881175121525302529e-04 -1.367628108710050583e-02 -1.855066418647766113e+00 1.135188817977905273e+00
1.517120599746704102e+00 -1.134256482124328613e+00 -1.413811564445495605e+00 -1.437773227691650391e+00 -4.713441729545593262e-01 -9.297641515731811523e-01 1.409563660621643066e+00 7.748442143201828003e-02
1.170102596282958984e+00 2.976829409599304199e-01 -2.015591561794281006e-01 -1.261907219886779785e+00 -8.668909221887588501e-02 -8.056792020797729492e-01 6.598437428474426270e-01 -1.860204815864562988e+00
8.664892911911010742e-01 -1.331151843070983887e+00 -1.293192267417907715e+00 -1.595520496368408203e+00 7.757920622825622559e-01 -5.483278632164001465e-02 5.064875353127717972e-03 -8.099272847175598145e-02
4.904788732528686523e-01 -8.366729617118835449e-01 -1.355722248554229736e-01 9.991867095232009888e-02 5.921358466148376465e-01 1.627115964889526367e+00 -1.045281648635864258e+00 5.609327554702758789e-01
1.969377249479293823e-01 1.184220686554908752e-01 7.005973905324935913e-02 -5.421398878097534180e-01 -2.347556829452514648e+00 1.648415207862854004e+00 2.727054432034492493e-02 -1.359295964241027832e+00
1.923205554485321045e-01 1.242136359214782715e+00 -1.263090848922729492e+00 -2.790788710117340088e-01 -6.500263214111328125e-01 -1.445892691612243652e+00 1.728248357772827148e+00 -4.154003560543060303e-01
-8.202003240585327148e-01 1.670741941779851913e-03 1.153252944350242615e-01 1.416405916213989258e+00 -8.688688874244689941e-01 -1.822202354669570923e-01 6.761193275451660156e-01 -7.824130654335021973e-01
-8.141534328460693359e-01 5.678671598434448242e-01 9.211015105247497559e-01 8.446067571640014648e-01 -2.910409867763519287e-01 1.285082221031188965e+00 -5.131655931472778320e-01 3.418989777565002441e-01
