-7.558566927909851074e-01 1.287515521049499512e+00 -4.107758030295372009e-02 -9.531870484352111816e-03 8.269044756889343262e-01 -1.568191647529602051e+00
-1.063150048255920410e+00 8.236812800168991089e-02 4.413633644580841064e-01 1.696184277534484863e+00 7.133167237043380737e-02 1.018412351608276367e+00
2.838047742843627930e-01 -5.264278054237365723e-01 -1.753888130187988281e-01 1.692636907100677490e-01 -2.431972026824951172e-01 -3.389904201030731201e-01
-4.898072779178619385e-01 4.076632112264633179e-02 8.189944028854370117e-01 8.318962454795837402e-01 9.951832890510559082e-01 -1.419167995452880859e+00
1.320523262023925781e+00 -8.774260282516479492e-01 1.136900901794433594e+00 5.174828171730041504e-01 -1.203467100858688354e-01 -6.091418862342834473e-01
-8.452609777450561523e-01 5.721506476402282715e-01 8.151084184646606445e-01 7.196783088147640228e-03 1.830456703901290894e-01 -2.808109521865844727e-01
-1.465803980827331543e+00 -7.849876880645751953e-01 -1.180222034454345703e+00 1.272179722785949707e+00 -4.446280188858509064e-03 1.173647999763488770e+00
1.475930571556091309e+00 -8.235346674919128418e-01 3.095081150531768799e-01 -1.060598492622375488e+00 1.027754187583923340e+00 1.108121991157531738e+00
1.501305580139160156e+00 3.167480230331420898e-01 1.517546474933624268e-01 -2.330439090728759766e-01 6.497273570857942104e-04 -8.557647466659545898e-01
-6.878885626792907715e-01 -3.996071871370077133e-03 -4.446805715560913086e-01 1.044227927923202515e-01 6.742849349975585938e-01 1.165649294853210449e-01
1.628861874341964722e-01 2.269333124160766602e+00 1.629643917083740234e+00 1.095353484153747559e+00 -2.865434624254703522e-02 -4.220940470695495605e-01
1.121805071830749512e+00 1.024427413940429688e+00 -3.443978726863861084e-01 -8.439080715179443359e-01 1.425291895866394043e+00 -5.082952380180358887e-01
-1.994193196296691895e-01 1.707071065902709961e-01 -1.036952972412109375e+00 7.439014967530965805e-03 6.755082011222839355e-01 2.267944663763046265e-01
-1.977105617523193359e+00 1.462752223014831543e+00 1.238138079643249512e+00 -1.925018429756164551e-01 -3.612388297915458679e-02 8.668328523635864258e-01
-9.197467565536499023e-01 -7.304962873458862305e-01 1.112703084945678711e+00 -1.222226977348327637e+00 2.345439195632934570e+00 5.514441803097724915e-02
1.389416903257369995e-01 6.623219847679138184e-01 3.918463885784149170e-01 -7.368307113647460938e-01 -1.665580868721008301e-01 4.663930237293243408e-01
2.263053417205810547e+00 3.793025314807891846e-01 1.330195307731628418e+00 3.335402607917785645e-01 -6.324676871299743652e-01 5.016461610794067383e-01
-6.137247681617736816e-01 2.408907189965248108e-02 6.018906235694885254e-01 -8.303478956222534180e-01 4.061946868896484375e-01 -1.254878520965576172e+00
-2.609732449054718018e-01 -6.193075776100158691e-01 -1.676112294197082520e+00 1.823432147502899170e-01 -5.317948460578918457e-01 1.478846073150634766e-01
-9.526591300964355469e-01 1.031539916992187500e+00 -9.630576968193054199e-01 -1.132941484451293945e+00 2.968811690807342529e-01 4.596442580223083496e-01
2.096017122268676758e+00 -6.499289870262145996e-01 -7.995536327362060547e-01 3.590075671672821045e-01 -2.740883588790893555e+00 9.454329013824462891e-01
7.468974590301513672e-02 -3.429127335548400879e-01 4.871463775634765625e-01 -7.586474418640136719e-01 -1.478118896484375000e+00 1.017932295799255371e+00
-1.303678035736083984e+00 -9.408065676689147949e-01 -1.068740129470825195e+00 7.119115591049194336e-01 -1.312529921531677246e+00 -3.755603432655334473e-01
-6.690421104431152344e-01 -1.131693571805953979e-01 -6.184625625610351562e-01 -3.952405154705047607e-01 -2.844625711441040039e-01 8.742739558219909668e-01
2.020752876996994019e-01 -5.727146863937377930e-01 -5.700866580009460449e-01 1.934368461370468140e-01 1.262927174568176270e+00 1.066475272178649902e+00
8.614665865898132324e-01 8.327851295471191406e-01 -6.857609376311302185e-03 5.351931452751159668e-01 -2.580690383911132812e+00 7.727214097976684570e-01
