-6.577610969543457031e-01 -1.193812131881713867e+00 -6.010764464735984802e-02 2.535691976547241211e+00 -8.676652312278747559e-01 9.064385294914245605e-01 2.619356632232666016e+00 -3.397927582263946533e-01 -2.412648677825927734e+00 -6.645476222038269043e-01 -1.774282753467559814e-01 4.342241287231445312e-01
3.156591847073286772e-04 -2.997642382979393005e-02 -1.989104747772216797e+00 1.105000138282775879e+00 -5.412383005023002625e-03 3.969948291778564453e-01 -5.684403731720522046e-05 -1.211366772651672363e+00 9.278881549835205078e-01 8.170626759529113770e-01 -6.461200769990682602e-03 8.282643556594848633e-01
-9.426679611206054688e-01 6.563521027565002441e-01 -6.150409206748008728e-02 -5.486004054546356201e-03 -3.211978077888488770e-01 -1.916681408882141113e+00 2.530228793621063232e-01 1.426066517829895020e+00 -4.451016187667846680e-01 -5.942212417721748352e-03 -3.775710761547088623e-01 3.034382760524749756e-01
7.351436018943786621e-01 -7.051606178283691406e-01 -7.010547816753387451e-02 2.068085968494415283e-01 -1.336991637945175171e-01 -4.204640090465545654e-01 -9.240604937076568604e-03 1.106858730316162109e+00 7.442367076873779297e-01 -9.801371693611145020e-01 -1.210388466715812683e-01 1.780467927455902100e-01
6.710550189018249512e-01 3.266007602214813232e-01 -3.154737059958279133e-04 5.620645284652709961e-01 -2.174421912059187889e-03 -6.294457912445068359e-01 -8.518584966659545898e-01 3.592646718025207520e-01 1.525403261184692383e+00 1.381796747446060181e-01 1.156557798385620117e+00 1.247008562088012695e+00
9.351026415824890137e-01 7.919976860284805298e-02 1.083263874053955078e+00 3.070845007896423340e-01 -1.034768939018249512e+00 1.885757565498352051e+00 8.183647692203521729e-02 1.792568415403366089e-01 7.878662943840026855e-01 -1.576796650886535645e+00 -3.290972709655761719e-01 9.002791047096252441e-01
1.713733315467834473e+00 7.741732597351074219e-01 4.630878269672393799e-01 -2.635467052459716797e-01 9.584296345710754395e-01 -1.688722610473632812e+00 8.684867024421691895e-01 -1.069806702435016632e-02 2.463534474372863770e-02 -8.217796683311462402e-01 2.089902162551879883e+00 8.682522177696228027e-01
-4.105012714862823486e-01 -5.629870891571044922e-01 -1.664705038070678711e+00 -6.289833188056945801e-01 2.878330647945404053e-01 -2.441796660423278809e-01 -1.878686100244522095e-01 8.540621399879455566e-01 5.379450321197509766e-01 1.160169959068298340e+00 1.218844279646873474e-01 -9.638528339564800262e-03
9.518252015113830566e-01 7.629492878913879395e-01 5.731669068336486816e-01 -7.212757468223571777e-01 5.033171772956848145e-01 -3.187421336770057678e-02 -2.583171606063842773e+00 1.169708892703056335e-01 1.885593235492706299e-01 7.170458789914846420e-03 7.083726525306701660e-01 -3.030314743518829346e-01
6.508588194847106934e-01 8.940400481224060059e-01 2.464841455221176147e-01 -3.199738860130310059e-01 6.277779340744018555e-01 1.531686067581176758e+00 -7.038986682891845703e-01 -1.041066884994506836e+00 -4.690935313701629639e-01 1.562616348266601562e+00 -1.390441060066223145e+00 5.883446335792541504e-01
7.356808055192232132e-03 4.407124519348144531e-01 8.172650933265686035e-01 1.086530685424804688e+00 -8.820467591285705566e-01 1.592119107954204082e-03 -8.673586845397949219e-01 -3.858746290206909180e-01 -4.614389538764953613e-01 -2.054735571146011353e-01 -2.207078039646148682e-01 -2.117293924093246460e-01
-7.748604416847229004e-01 4.256898164749145508e-02 -1.160666584968566895e+00 -1.124908924102783203e+00 -1.581440925598144531e+00 4.689402282238006592e-01 -1.069732427597045898e+00 -2.103077322244644165e-01 -3.268741816282272339e-02 6.834100484848022461e-01 -7.112468481063842773e-01 1.978857666254043579e-01
-7.290617823600769043e-01 -1.292296405881643295e-02 1.770153999328613281e+00 -1.808006286621093750e+00 2.177359461784362793e-01 7.587081193923950195e-02 7.955660223960876465e-01 3.205961287021636963e-01 1.141258329153060913e-01 4.682287871837615967e-01 -1.855122566223144531e+00 1.633074432611465454e-01
9.307063221931457520e-01 3.272729814052581787e-01 -2.352003008127212524e-01 1.832906246185302734e+00 8.126394748687744141e-01 -5.133696794509887695e-01 -6.212166547775268555e-01 3.918774425983428955e-01 -4.255944192409515381e-01 -2.204303443431854248e-01 1.352382004261016846e-01 -5.842142701148986816e-01
-3.713455796241760254e-02 7.618842720985412598e-01 1.890229582786560059e+00 3.987824618816375732e-01 -2.179456205340102315e-04 -3.399536609649658203e-01 6.383484005928039551e-01 -4.239664673805236816e-01 -4.519199132919311523e-01 5.347720384597778320e-01 -1.834353082813322544e-03 -1.058827280998229980e+00
-4.161935765296220779e-03 -7.590242624282836914e-01 3.089255392551422119e-01 4.518331289291381836e-01 -2.395483970642089844e+00 1.214534997940063477e+00 -1.913428604602813721e-01 1.411986947059631348e+00 -3.020246222149580717e-04 -2.966131567955017090e-01 4.068987036589533091e-04 7.977681159973144531e-01
-3.265891969203948975e-01 -8.559377789497375488e-01 -2.601701319217681885e-01 2.397188097238540649e-01 1.367425799369812012e+00 2.826331853866577148e-01 -2.322464436292648315e-01 4.756140708923339844e-01 -1.404080241918563843e-01 1.593984246253967285e+00 -1.038851380348205566e+00 7.487183902412652969e-03
-1.739967226982116699e+00 1.885184496641159058e-01 -2.444846034049987793e-01 -6.092435121536254883e-01 4.639590084552764893e-01 -1.158859431743621826e-01 5.955981016159057617e-01 7.033209800720214844e-01 3.233835101127624512e-02 -8.391863107681274414e-01 6.458594202995300293e-01 -2.150710523128509521e-01
-9.566037058830261230e-01 7.986550927162170410e-01 1.066400885581970215e+00 -4.851624071598052979e-01 -1.135160709964111447e-04 9.469476342201232910e-02 -6.954764947295188904e-03 -3.931097686290740967e-01 8.652893304824829102e-01 5.189671516418457031e-01 7.519735097885131836e-01 -8.387231826782226562e-01
-4.445790052413940430e-01 7.442088723182678223e-01 -1.205642461776733398e+00 7.561772130429744720e-03 -4.774821698665618896e-01 -8.419623970985412598e-01 2.683978080749511719e-01 -7.770971655845642090e-01 -3.947888612747192383e-01 -2.211095333099365234e+00 1.097064733505249023e+00 4.747394323348999023e-01
-9.848592877388000488e-01 8.380158543586730957e-01 -2.098783969879150391e+00 1.096589088439941406e+00 -5.364695191383361816e-01 1.393791794776916504e+00 3.533171415328979492e-01 1.119051694869995117e+00 -3.227209746837615967e-01 -2.488466501235961914e+00 -8.813062310218811035e-01 2.125952959060668945e+00
1.233671307563781738e+00 8.981740474700927734e-01 6.907478570938110352e-01 1.033595085144042969e+00 -1.926706194877624512e+00 -3.100532293319702148e-01 3.995437324047088623e-01 -4.210387468338012695e-01 -1.017019748687744141e+00 -2.619800902903079987e-02 1.590214371681213379e+00 4.885275959968566895e-01
-1.346851468086242676e+00 -6.281086802482604980e-01 -8.418639898300170898e-01 -6.844811439514160156e-01 -1.630779027938842773e+00 7.204690575599670410e-01 2.527760267257690430e+00 -1.630361199378967285e+00 -7.434606552124023438e-02 -2.903753221035003662e-01 -1.761114954948425293e+00 -2.379775978624820709e-04
5.103062391281127930e-01 1.111876726150512695e+00 -7.180082798004150391e-01 -1.924471855163574219e-01 6.497502923011779785e-01 -3.823664486408233643e-01 -1.696550607681274414e+00 -7.320010662078857422e-01 -4.740847647190093994e-01 1.356672644615173340e-01 1.135107278823852539e+00 1.414925605058670044e-01
1.181458234786987305e+00 -3.621261194348335266e-02 1.094282567501068115e-01 5.847048759460449219e-01 1.759486198425292969e-01 -7.182325124740600586e-01 1.249753117561340332e+00 -4.602053165435791016e-01 2.532767653465270996e-01 4.251277446746826172e-01 4.054087400436401367e-01 -2.696738839149475098e-01
-8.686702847480773926e-01 -1.248513340950012207e+00 -1.358940601348876953e+00 3.247145712375640869e-01 4.913181662559509277e-01 7.989174127578735352e-01 -1.571590900421142578e-01 -1.645315289497375488e-01 5.554917454719543457e-01 -1.123553872108459473e+00 -5.389761328697204590e-01 -1.827918410301208496e+00
